28
-177.000000 136.000000 1.000000 0.000000 0.000000
-175.000000 -40.000000 1.000000 0.000000 0.000000
-112.000000 -162.000000 1.000000 0.000000 0.000000
127.000000 -137.000000 1.000000 0.000000 0.000000
248.000000 -12.000000 1.000000 0.000000 0.000000
22.000000 -6.000000 1.000000 0.000000 0.000000
21.000000 113.000000 1.000000 0.000000 0.000000
-93.000000 31.000000 1.000000 0.000000 0.000000
-73.000000 -84.000000 1.000000 0.000000 0.000000
67.000000 -74.000000 1.000000 0.000000 0.000000
121.000000 18.000000 1.000000 0.000000 0.000000
-28.000000 31.000000 1.000000 0.000000 0.000000
-39.000000 -35.000000 1.000000 0.000000 0.000000
5.000000 -70.000000 1.000000 0.000000 0.000000
-96.000000 103.000000 1.000000 0.000000 0.000000
-220.000000 65.000000 1.000000 0.000000 0.000000
-214.000000 -118.000000 1.000000 0.000000 0.000000
6.000000 -190.000000 1.000000 0.000000 0.000000
93.000000 95.000000 1.000000 0.000000 0.000000
251.000000 114.000000 1.000000 0.000000 0.000000
162.000000 -34.000000 1.000000 0.000000 0.000000
214.000000 -125.000000 1.000000 0.000000 0.000000
321.000000 -5.000000 1.000000 0.000000 0.000000
-50.000000 149.000000 1.000000 0.000000 0.000000
93.000000 153.000000 1.000000 0.000000 0.000000
170.000000 139.000000 1.000000 0.000000 0.000000
176.000000 73.000000 1.000000 0.000000 0.000000
300.000000 157.000000 1.000000 0.000000 0.000000
